2 0.992350728888 0.650118225499 0.0163178443909 0.0695067142185
2 0.772663417615 0.618441832693 0.0679238532719 0.0363860694986
2 0.357465718922 0.635852161207 0.0466917596365 0.0293780533891
2 0.56871464378 0.650606556943 0.102143042966 0.0669940961035
2 0.822621295327 0.641220845674 0.0594170093536 0.053999034982
2 0.483897259361 0.645797679299 0.0856455940949 0.051234160599
2 0.534061933819 0.646276122645 0.0949061732543 0.0629007000672
2 0.864062861392 0.641855741802 0.0850419872685 0.0629657130492
2 0.637098513151 0.662012652347 0.138827060398 0.0822216962513
2 0.932682438901 0.646661959196 0.116951904799 0.0672300803034
2 0.730673789978 0.672040738558 0.164280238904 0.0888752184416
